 4663111 
 732544 
 7495238 
 2968913 
 40123232 
 5049493 
 3635414 
 927400 
 506323 
 21204132 
 10230578 
 1385952 
 1630045 
 13097218 
 6517631 
 3026380 
 2852690 
 4351188 
 4673721 
 1388878 
 6208392 
 6758580 
 10599122 
 5668211 
 3014409 
 6069556 
 999489 
 1788508 
 3058190 
 1456679 
 9255769 
 2041539 
 19546699 
 10010770 
 635133 
 11635446 
 3661694 
 4012924 
 12710938 
 1139543 
 4642137 
 796954 
 6502017 
 26585801 
 2783040 
 673169 
 8466864 
 6950610 
 1822758 
 5882760 
 528005 
